4294967278,352
4294967278,322
4294967278,368
4294967278,11
4294967279,121
4294967279,312
4294967279,114
4294967279,113
4294967279,111
4294967279,102
4294967279,100
4294967279,99
4294967279,97
4294967279,174
4294967279,139
4294967294,901
4294967294,906
4294967278,138
4294967278,316
4294967279,542
4294967294,396
4294967294,453
4294967294,390
4294967294,469
4294967294,190
4294967278,354
4294967294,491
4294967279,133
4294967294,1423
4294967294,1424
4294967279,278
4294967278,390
4294967279,334
4294967294,490
4294967278,389
4294967278,331
12944,7
4294967278,281
12944,6
12944,5
12944,4
12944,3
12944,2
12944,1
4294967278,363
4294967279,257
4294967279,305
12943,6
4294967279,254
12943,5
12943,4
4294967279,253
12943,3
12943,2
12943,1
4294967279,296
4294967278,382
4294967278,378
12942,6
12942,5
12942,4
12942,3
12942,2
12942,1
4294967278,335
4294967278,339
4294967278,332
12941,5
12941,4
12941,3
12941,2
12941,1
4294967278,313
12940,6
12940,5
12940,4
12940,3
12940,2
12940,1
4294967278,439
12939,6
12939,5
12939,4
12939,3
12939,2
12939,1
4294967294,489
12938,5
12938,4
12938,3
12938,2
12938,1
4294967279,351
4294967278,381
4294967279,304
4294967278,213
12937,5
12937,4
12937,3
12937,2
12937,1
4294967279,335
12936,4
4294967278,205
12936,3
12936,2
12936,1
4294967278,297
4294967279,547
4294967278,388
4294967278,321
4294967279,201
12935,5
12935,4
12935,3
12935,2
12935,1
4294967278,199
4294967279,373
4294967278,310
4294967279,196
4294967278,301
4294967279,190
4294967294,1413
4294967294,914
4294967294,161
4294967294,965
4294967294,528
4294967279,333
4294967278,185
4294967278,379
4294967278,303
4294967279,176
4294967278,326
4294967279,301
4294967279,273
4294967294,488
4294967278,173
4294967279,173
4294967278,172
4294967279,172
4294967279,171
4294967278,170
4294967279,169
4294967278,221
4294967278,168
4294967279,521
4294967278,167
4294967278,166
4294967279,166
4294967278,165
4294967278,164
4294967279,308
4294967279,163
4294967278,284
4294967279,319
4294967278,160
4294967278,159
4294967279,159
4294967278,157
4294967279,230
4294967278,367
4294967279,157
4294967278,155
4294967278,150
4294967278,263
4294967279,154
4294967278,61
4294967278,60
4294967278,59
4294967278,58
4294967278,57
4294967278,56
4294967278,55
4294967278,54
4294967278,174
4294967278,53
4294967278,52
4294967278,51
4294967278,361
4294967278,50
4294967278,49
4294967278,48
4294967278,47
4294967278,46
4294967278,45
4294967278,44
4294967278,43
4294967278,42
4294967278,41
4294967278,40
4294967278,39
4294967278,38
4294967278,402
4294967278,37
4294967278,36
4294967278,35
4294967278,34
4294967278,33
4294967278,31
4294967278,30
4294967278,29
4294967278,28
4294967278,365
4294967278,27
4294967278,26
4294967278,25
4294967278,24
4294967278,23
4294967278,380
4294967278,22
4294967278,334
4294967278,21
4294967278,20
4294967278,19
4294967278,18
4294967278,229
4294967278,17
4294967278,16
4294967278,15
4294967278,14
4294967278,13
4294967278,12
4294967279,85
4294967279,83
4294967279,81
4294967279,80
4294967279,79
4294967279,78
4294967279,75
4294967279,71
4294967279,69
4294967279,68
4294967279,67
4294967279,65
4294967279,64
4294967279,63
4294967279,61
4294967279,59
4294967279,58
4294967279,54
4294967279,53
4294967279,51
4294967279,49
4294967279,48
4294967279,47
4294967279,45
4294967279,44
4294967279,43
4294967279,37
4294967279,36
4294967279,35
4294967279,34
4294967279,32
4294967279,30
4294967279,29
4294967279,25
4294967279,23
4294967279,21
4294967279,18
4294967279,16
4294967279,15
4294967279,13
4294967279,10
4294967279,42
4294967279,569
4294967278,387
4294967279,39
4294967278,32
4294967294,487
4294967279,148
4294967279,147
4294967279,33
4294967279,143
4294967278,414
4294967279,27
4294967279,141
4294967279,140
4294967279,28
4294967279,543
4294967279,26
4294967279,364
4294967279,136
4294967279,135
4294967279,134
4294967279,306
4294967279,271
4294967279,270
4294967278,288
4294967279,283
4294967279,279
4294967279,331
4294967278,299
4294967279,277
4294967278,386
4294967279,265
4294967279,261
4294967279,298
4294967278,385
4294967279,330
4294967279,11
4294967279,275
4294967279,258
4294967294,410
4294967294,463
4294967294,112
4294967294,407
4294967278,137
4294967279,255
4294967278,278
4294967279,575
4294967278,337
4294967278,446
4294967294,393
4294967279,291
4294967278,377
4294967279,551
4294967278,254
4294967278,215
4294967279,250
4294967278,253
4294967278,250
4294967278,248
4294967278,246
4294967278,242
4294967279,329
4294967278,238
4294967278,237
4294967278,236
4294967278,307
4294967279,274
4294967278,232
4294967278,230
4294967278,228
4294967279,227
4294967278,226
4294967278,224
4294967278,275
4294967279,340
4294967278,220
4294967294,486
4294967278,218
4294967278,216
4294967278,212
4294967278,343
4294967279,328
4294967279,260
4294967278,282
4294967278,255
4294967278,210
4294967278,209
4294967278,208
4294967278,206
4294967278,252
4294967278,347
4294967278,204
4294967279,558
4294967278,306
4294967278,318
4294967279,82
4294967294,485
4294967279,198
4294967278,197
4294967279,197
4294967278,196
4294967279,195
4294967278,194
4294967279,327
4294967279,193
4294967279,192
4294967279,191
4294967278,296
4294967279,77
4294967279,515
4294967278,249
4294967278,271
4294967279,187
4294967278,186
4294967279,186
4294967279,184
4294967278,247
4294967279,66
4294967279,183
4294967279,182
4294967278,181
4294967278,180
4294967294,1428
